11
5
1 2 2 3 3
4
1 2 1 2
12
1 2 4 5 6 2 3 2 7 8 9 3
21
1 2 14 3 2 10 16 14 2 1 10 13 7 10 8 10 5 11 9 19 20
8
1 1 1 3 1 3 3 4
100
17 22 33 1 11 36 3 39 5 39 32 3 16 20 29 33 4 3 3 40 32 2 13 19 1 23 32 13 39 11 47 33 28 15 48 26 11 41 32 24 18 4 11 10 47 46 6 29 25 43 48 32 29 24 19 42 30 33 20 14 27 27 31 21 20 6 35 45 5 4 41 47 33 32 45 18 29 40 20 8 21 11 36 50 47 24 9 38 3 20 10 28 31 11 49 36 34 16 11 18
999
44 17 4 33 13 48 39 20 44 23 14 25 38 37 11 44 9 6 3 27 43 46 43 8 45 4 1 45 32 35 25 37 29 3 47 46 12 15 23 49 47 19 19 33 15 36 4 47 14 28 1 23 50 50 49 18 27 38 35 49 8 33 41 47 9 32 37 5 30 37 3 14 33 24 7 35 22 47 8 5 4 7 12 30 27 42 4 24 11 32 34 35 1 9 6 28 33 18 50 1 37 7 14 24 27 21 32 25 47 6 28 16 22 8 13 13 12 12 13 2 36 11 48 32 19 16 47 27 11 30 19 47 27 40 32 3 49 45 49 15 22 8 17 45 6 19 4 27 27 38 41 16 12 48 38 45 12 29 10 31 47 36 45 20 3 35 39 8 41 37 37 10 31 3 30 1 44 40 10 24 21 50 43 30 46 36 42 29 9 17 38 35 7 26 43 36 49 46 47 41 45 22 29 18 26 36 18 29 11 22 26 46 9 13 46 18 43 48 11 7 17 42 24 16 24 34 49 35 20 31 6 19 37 6 8 35 12 18 33 48 3 49 24 25 19 22 45 45 28 16 30 5 4 22 10 47 44 44 2 44 37 3 12 49 31 29 28 26 7 39 8 24 2 12 47 45 12 47 8 5 33 39 25 12 44 35 7 30 18 4 15 31 46 50 21 20 29 20 28 38 39 9 20 11 2 48 19 13 35 33 11 35 19 47 21 34 20 42 35 38 21 8 48 19 18 48 17 43 33 42 39 12 47 32 2 42 4 10 20 43 32 9 43 46 40 47 21 44 19 20 17 17 44 43 50 11 3 16 15 35 3 22 31 36 44 48 17 44 32 4 35 12 37 48 42 13 42 28 22 35 38 27 38 28 28 48 15 14 5 12 31 35 15 20 28 28 36 18 16 34 15 23 41 37 24 18 40 35 32 4 49 29 32 19 24 37 20 35 28 25 24 6 27 31 33 8 22 42 27 43 47 49 46 28 43 8 7 13 26 19 1 22 31 26 49 30 9 35 49 29 30 20 12 17 21 34 43 8 45 33 7 1 30 15 36 33 20 43 6 22 13 28 15 29 21 4 25 15 17 16 9 46 24 18 46 25 19 30 37 18 50 5 34 8 11 35 49 6 24 11 15 23 5 43 27 3 8 17 30 33 6 8 49 25 42 10 10 19 41 30 43 49 29 48 48 6 42 46 40 3 19 24 22 36 27 33 1 4 20 7 46 9 40 14 29 39 40 7 32 33 21 34 44 48 42 16 24 42 34 39 16 8 17 2 24 22 24 18 15 23 14 30 28 15 43 25 16 38 14 24 40 2 27 28 6 40 4 5 32 42 5 19 43 14 6 41 14 27 32 42 24 20 24 40 20 27 49 45 24 45 26 3 16 18 45 7 1 48 41 42 40 47 3 47 34 30 12 47 40 30 15 27 7 1 44 11 20 22 23 43 7 33 1 28 26 41 41 20 32 48 46 27 45 20 13 47 33 16 39 44 43 49 27 1 30 13 47 32 34 13 14 29 11 38 31 12 27 21 24 7 38 16 48 18 18 12 28 31 40 45 30 12 3 34 47 33 3 24 1 21 20 27 49 13 40 10 42 35 30 30 2 33 33 45 34 39 43 2 33 27 25 6 9 26 10 38 48 33 3 44 6 6 4 19 21 29 41 28 1 47 27 25 40 32 48 6 14 39 14 4 11 30 16 1 21 26 35 29 9 6 41 44 34 12 22 9 40 47 45 29 45 10 23 9 14 8 5 21 13 49 17 37 48 5 12 11 10 48 37 42 32 24 23 17 46 6 1 28 49 41 20 44 47 26 2 33 33 13 32 30 5 13 37 26 22 31 15 4 45 22 47 4 38 23 28 24 12 10 40 50 44 45 24 48 45 36 24 25 35 33 18 22 8 17 28 24 25 28 47 37 2 5 40 5 20 50 27 41 41 17 33 31 3 4 49 49 48 48 36 6 43 25 33 16 6 23 23 30 39 30 48 35 26 1 28 49 13 45 40 12 29 9 36 34 49 38 26 50 44 49 36 35 33 24 26 14 23 14 20 26 40 46 20 20 13 14 42 34 31 19 4 5 8 33 34 46 36 24 50 47 36 37 41 22 37 22 6 20 1 9 49 2 40 40 41 29 31 15 17 31 9 38 45 12 2 21 50 2 22 6 15 10 33 41 22 8 43 9 20 12 47 1 8 36 33 12 48 30 44 39 32 7 5 44 5 14 23 6 19 14 24 26 17 12 8 7 15 3 41
10
1 1 1 1 1 1 1 1 1 1
5
1 2 3 4 5
1
1
3
2 2 2