9
4
-3 5 -3 1
2
1 -1
4
-3 2 -3 4
4
-1 1 1 -1
7
-5 7 -6 -4 17 -13 4
6
-1000000000 -1000000000 -1000000000 1000000000 1000000000 1000000000
1
0
2
-1 -2 -3 -4 10 -1 1
4
17 -53 2 -63 47 12 -89 -9 -18 79 72 -91 66 33 67 69 -70 94 -91 100 -30 -10 15 72 60 -89 -86 53 76 41 74 12 -13 49 21 76 52 -100 62 -1 87 71 -75 -37 -19 37 51 -62 -84 -17 17 -40 -53 26 -78 48 -62 7 -13 -98 -98 38 83 -66 7 -84 -22 -49 18 -30 5 66 -66 -4 56 38 30 11 -7 62 0 -35 -34 -41 24 -39 -90 -95 -11 -14 66 79 -98 -27 70 65 25 45 9 62 -163
